[gd_scene load_steps=3 format=3 uid="uid://cvrcaa4covex3"]

[ext_resource type="PackedScene" uid="uid://dnf7i340qxl77" path="res://Props/Cafe/CafeChair.tscn" id="1_8jusc"]
[ext_resource type="PackedScene" uid="uid://cgcs4m4n8yaxf" path="res://Props/Cafe/CafeTable.tscn" id="2_w4rdr"]

[node name="Cafe" type="Node3D"]

[node name="CafeChair" parent="." instance=ExtResource("1_8jusc")]
transform = Transform3D(0.805018, 0, 0.59325, 0, 1, 0, -0.59325, 0, 0.805018, -3.97204, 0, 1.47833)

[node name="CafeChair4" parent="." instance=ExtResource("1_8jusc")]
transform = Transform3D(0.111122, 0, -0.993807, 0, 1, 0, 0.993807, 0, 0.111122, -1.13198, 0, 2.52659)

[node name="CafeChair3" parent="." instance=ExtResource("1_8jusc")]
transform = Transform3D(-0.995731, 0, -0.092301, 0, 1, 0, 0.092301, 0, -0.995731, -2.7083, 0, 4.02038)

[node name="CafeTable" parent="." instance=ExtResource("2_w4rdr")]
transform = Transform3D(1, 0, 0, 0, 1, 0, 0, 0, 1, -3, 0.843, 2.67322)

[node name="CafeChair2" parent="." instance=ExtResource("1_8jusc")]
transform = Transform3D(-0.968786, 0, 0.247895, 0, 1, 0, -0.247895, 0, -0.968786, -2.48076, 0, 8.76394)

[node name="CafeChair13" parent="." instance=ExtResource("1_8jusc")]
transform = Transform3D(0.773022, 0, 0.63438, 0, 1, 0, -0.63438, 0, 0.773022, -2.89405, 0, 6.55142)

[node name="CafeChair14" parent="." instance=ExtResource("1_8jusc")]
transform = Transform3D(0.470935, 0, -0.882168, 0, 1, 0, 0.882168, 0, 0.470935, -0.627012, 0, 6.52704)

[node name="CafeTable4" parent="." instance=ExtResource("2_w4rdr")]
transform = Transform3D(-0.3875, 0, 0.92187, 0, 1, 0, -0.92187, 0, -0.3875, -1.75589, 0.843, 7.16753)

[node name="CafeChair5" parent="." instance=ExtResource("1_8jusc")]
transform = Transform3D(0.639963, 0, 0.768406, 0, 1, 0, -0.768406, 0, 0.639963, -8.45784, 0, 1.924)

[node name="CafeChair6" parent="." instance=ExtResource("1_8jusc")]
transform = Transform3D(-0.818179, 0, 0.574963, 0, 1, 0, -0.574963, 0, -0.818179, -8.59439, 0, 3.91118)

[node name="CafeChair7" parent="." instance=ExtResource("1_8jusc")]
transform = Transform3D(0.908996, 0, -0.416805, 0, 1, 0, 0.416805, 0, 0.908996, -6.93935, 0, 1.53222)

[node name="CafeChair8" parent="." instance=ExtResource("1_8jusc")]
transform = Transform3D(-0.685234, 0, -0.728323, 0, 1, 0, 0.728323, 0, -0.685234, -6.41946, 0, 3.63007)

[node name="CafeTable2" parent="." instance=ExtResource("2_w4rdr")]
transform = Transform3D(0.515233, 0, 0.857051, 0, 1, 0, -0.857051, 0, 0.515233, -7.52747, 0.843, 2.79516)

[node name="CafeChair9" parent="." instance=ExtResource("1_8jusc")]
transform = Transform3D(-0.283865, 0, -0.958864, 0, 1, 0, 0.958864, 0, -0.283865, -5.33145, 0, 7.42707)

[node name="CafeChair10" parent="." instance=ExtResource("1_8jusc")]
transform = Transform3D(0.977404, 0, -0.211376, 0, 1, 0, 0.211376, 0, 0.977404, -6.36656, 0, 5.97652)

[node name="CafeChair11" parent="." instance=ExtResource("1_8jusc")]
transform = Transform3D(-0.89209, 0, -0.451858, 0, 1, 0, 0.451858, 0, -0.89209, -5.97022, 0, 8.61359)

[node name="CafeChair12" parent="." instance=ExtResource("1_8jusc")]
transform = Transform3D(-0.434901, 0, 0.900478, 0, 1, 0, -0.900478, 0, -0.434901, -7.69974, 0, 7.84757)

[node name="CafeTable3" parent="." instance=ExtResource("2_w4rdr")]
transform = Transform3D(0.34993, 0, -0.936777, 0, 1, 0, 0.936777, 0, 0.34993, -6.59241, 0.843, 7.36704)
